x
1 21.0672605851058
2 23.2020898855395
3 21.3104572457642
4 21.3510302946636
5 23.8168813733945
6 27.2213820000562
7 25.0362571092581
8 20.7828725460516
9 25.689044542177
10 19.0255000690732
11 26.4160879911901
12 24.5455635532314
13 24.487940630651
14 25.1695370466977
15 21.6629642191079
16 22.8898510937809
17 23.5044612157855
18 23.3595322046924
19 26.6161947274884
20 20.3589522137693
21 21.8908270109762
22 22.7276878364294
23 22.5141300829749
24 22.9924412365188
25 20.5731976126061
26 24.9121319922057
27 20.7467805473895
28 23.595516362358
29 28.3672430431089
30 23.0062010680264
31 26.6843199395147
32 22.0915907002517
33 21.5606043108585
34 22.6093985123007
35 24.6710305240336
36 21.7118762894485
37 24.9966626227834
38 22.3285633003768
39 26.0018157135438
40 24.8172307208948
41 23.5003181942412
42 22.3717741141293
43 22.8738060803758
44 22.5531443317618
45 27.614105879937
46 23.8363666964372
47 21.6250120440363
48 23.9420524281483
49 22.3538144817307
50 25.6875056773874
51 21.8514376213535
52 23.6504216847095
53 23.6665274072889
54 23.7836248191937
55 22.7755989936187
56 21.226063210238
57 22.3757327183984
58 24.2365546670378
59 25.2284042240993
60 21.8093962783634
61 23.2739195245951
62 21.5056302143201
63 23.4636531780368
64 22.9300490091873
65 23.9095073253823
66 23.0924800567118
67 20.5416527191265
68 23.3557769377289
69 23.2825725368802
70 22.8151689834643
71 23.6932708809591
72 25.0043443762585
73 23.0588480218589
74 22.7209545706261
75 22.9491078944666
76 23.6834107230534
77 24.1622754841417
78 22.6400468948585
79 22.30321649152
80 22.534167564682
81 23.3153305730407
82 25.3677216560607
83 23.2037300023816
84 23.2177717702097
85 21.8643181513847
86 24.8622173643894
87 21.7819436737717
88 23.2701915416822
89 23.07303621256
90 21.3326826225036
91 24.818660908146
92 22.2781471717955
93 23.515509422389
94 22.2677831063529
95 24.7975129665773
96 20.6565006299324
97 23.7772674187172
98 20.4200069458662
99 21.6824021049013
100 24.1495476480006
